Arquivos
index.html
style.css
